 poisson_binomial_conf | num_answerers |    cum_price     
-----------------------+---------------+------------------
        0.858234364564 |             3 | 2.49128523999222
        0.886494874775 |             3 | 2.49128523999222
        0.863793228712 |             3 | 2.49128523999222
        0.841100076394 |             3 | 2.49128523999222
        0.838054419629 |             3 | 2.49128523999222
        0.841930247172 |             3 | 2.49128523999222
        0.862520093806 |             3 | 2.49128523999222
        0.837716327202 |             3 | 2.49128523999222
        0.786641011545 |             3 | 2.49128523999222
        0.856550036355 |             3 | 2.49128523999222
         0.85035613095 |             3 | 2.49128523999222
        0.752336448598 |             3 | 2.49128523999222
        0.821769685588 |             3 | 2.49128523999222
        0.880857988081 |             3 | 2.49128523999222
        0.789490479736 |             3 | 2.49128523999222
        0.867505892509 |             3 | 2.49128523999222
        0.748439060939 |             3 | 2.49128523999222
        0.867313245465 |             3 | 2.49128523999222
        0.777855056336 |             3 | 2.49128523999222
        0.845530248299 |             3 | 2.49128523999222
        0.830805549268 |             3 | 2.49128523999222
        0.880679351078 |             3 | 2.49128523999222
         0.86884132249 |             3 | 2.49128523999222
        0.712754260583 |             3 | 2.49128523999222
        0.738933963233 |             3 | 2.49128523999222
        0.747200471499 |             3 | 2.49128523999222
        0.826004877475 |             3 | 2.49128523999222
        0.792851824274 |             3 | 2.49128523999222
        0.857321143875 |             3 | 2.49128523999222
        0.758547261327 |             3 | 2.49128523999222
        0.808346065699 |             3 | 2.49128523999222
        0.870106632395 |             3 | 2.49128523999222
        0.752304147466 |             3 | 2.49128523999222
        0.891088949998 |             3 | 2.55233121143581
        0.918292574793 |             3 | 2.55233121143581
        0.804217840983 |             3 | 2.55233121143581
        0.920267778234 |             3 | 2.55233121143581
        0.834681536166 |             3 | 2.55233121143581
        0.888576298216 |             3 | 2.55233121143581
         0.87572180608 |             3 | 2.55233121143581
        0.828559081368 |             3 | 2.55233121143581
        0.872925009436 |             3 | 2.55233121143581
        0.896117900791 |             3 | 2.55233121143581
        0.898750982619 |             3 | 2.55233121143581
        0.883124885732 |             3 | 2.55233121143581
        0.800848925849 |             3 | 2.55233121143581
        0.890311030035 |             3 | 2.55233121143581
        0.895460010029 |             3 | 2.55233121143581
         0.85829198891 |             3 | 2.55233121143581
        0.898554602948 |             3 | 2.55233121143581
        0.881270332443 |             3 | 2.55233121143581
        0.902867979072 |             3 | 2.55233121143581
        0.848509182104 |             3 | 2.55233121143581
        0.909404799078 |             3 | 2.55233121143581
        0.814464514293 |             3 | 2.55233121143581
        0.882401400678 |             3 | 2.55233121143581
        0.802844214609 |             3 | 2.55233121143581
        0.880927895634 |             3 | 2.55233121143581
         0.89727479777 |             3 | 2.55233121143581
        0.897467722138 |             3 | 2.55233121143581
        0.887760945187 |             3 | 2.55233121143581
        0.809847984137 |             3 | 2.55233121143581
        0.874337427279 |             3 | 2.55233121143581
        0.818756384065 |             3 | 2.55233121143581
        0.916010884294 |             3 | 2.55233121143581
        0.877660314369 |             3 | 2.55233121143581
        0.920354004979 |             3 | 2.55233121143581
         0.89681360978 |             3 | 2.55233121143581
         0.87860668743 |             3 | 2.55233121143581
        0.867065623655 |             3 | 2.55233121143581
         0.89783034802 |             3 | 2.55233121143581
        0.871227567857 |             3 | 2.55233121143581
        0.889124500067 |             3 | 2.55233121143581
        0.882590234239 |             3 | 2.55233121143581
        0.785048518896 |             3 | 2.55233121143581
        0.873672545942 |             3 | 2.55233121143581
        0.871719457014 |             3 | 2.55233121143581
        0.898370173539 |             3 | 2.55233121143581
        0.870554404364 |             3 | 2.55233121143581
        0.880509653009 |             3 | 2.55233121143581
        0.878967322787 |             3 | 2.55233121143581
        0.818993952721 |             3 | 2.55233121143581
        0.895281189399 |             3 | 2.55233121143581
        0.887414256973 |             3 | 2.55233121143581
        0.826668139637 |             3 | 2.55233121143581
        0.884915246814 |             3 | 2.55233121143581
        0.897036826604 |             3 | 2.55233121143581
        0.894414641576 |             3 | 2.55233121143581
        0.838042880704 |             3 | 2.55233121143581
        0.806205559147 |             3 | 2.55233121143581
        0.900889688099 |             3 | 2.55233121143581
        0.868207916651 |             3 | 2.55233121143581
        0.871606758626 |             3 | 2.55233121143581
        0.892915425174 |             3 | 2.55233121143581
        0.858324210836 |             3 | 2.55233121143581
        0.899439026933 |             3 | 2.55233121143581
         0.89224363342 |             3 | 2.55233121143581
        0.893182096123 |             3 | 2.55233121143581
        0.864049229317 |             3 | 2.55233121143581
        0.855412753337 |             3 | 2.55233121143581
        0.864293944437 |             3 | 2.55233121143581
        0.899707513073 |             3 | 2.55233121143581
        0.869503229041 |             3 | 2.55233121143581
        0.800825031133 |             3 | 2.55233121143581
        0.876045699179 |             3 | 2.55233121143581
         0.87229061529 |             3 | 2.55233121143581
         0.91495936308 |             3 | 2.55233121143581
        0.884831024549 |             3 | 2.55233121143581
        0.904662962151 |             3 | 2.55233121143581
        0.892781967549 |             3 | 2.55233121143581
        0.903834120126 |             3 | 2.55233121143581
        0.894636870843 |             3 | 2.55233121143581
        0.902374736765 |             3 | 2.55233121143581
        0.871005904014 |             3 | 2.55233121143581
        0.889477132551 |             3 | 2.55233121143581
        0.791319933427 |             3 | 2.55233121143581
        0.919409245846 |             3 | 2.55233121143581
        0.912191913138 |             3 | 2.55233121143581
        0.876792833842 |             3 | 2.55233121143581
        0.885198817783 |             3 | 2.55233121143581
        0.913080256429 |             3 | 2.55233121143581
        0.891353413023 |             3 | 2.55233121143581
        0.885609038136 |             3 | 2.55233121143581
        0.886826270644 |             3 | 2.55233121143581
        0.864249543206 |             3 | 2.55233121143581
         0.85829198891 |             3 | 2.55233121143581
         0.77554342119 |             3 | 2.55233121143581
        0.808253701565 |             3 | 2.55233121143581
         0.92199542464 |             3 | 2.56408263311348
        0.921619636408 |             3 | 2.56408263311348
        0.845730550285 |             3 | 2.56408263311348
        0.844136267712 |             3 | 2.56408263311348
        0.923406990268 |             3 | 2.56408263311348
        0.903063160749 |             3 | 2.56408263311348
        0.918359420621 |             3 | 2.56408263311348
        0.919434790952 |             3 | 2.61337718287941
        0.862899740708 |             3 | 2.61337718287941
        0.920247612667 |             3 | 2.61337718287941
        0.915854623661 |             3 | 2.61337718287941
        0.924263687312 |             3 | 2.61337718287941
        0.913252076976 |             3 | 2.61337718287941
        0.905684822448 |             3 | 2.61337718287941
        0.922316629096 |             3 | 2.61337718287941
        0.929479829961 |             3 | 2.61337718287941
        0.938174450711 |             3 | 2.61337718287941
        0.899062248911 |             3 | 2.61337718287941
        0.915723981901 |             3 | 2.61337718287941
        0.911433211587 |             3 | 2.61337718287941
         0.82554945055 |             3 | 2.61337718287941
        0.909458753916 |             3 | 2.61337718287941
        0.918095898409 |             3 | 2.61337718287941
         0.89811452978 |             3 | 2.61337718287941
        0.847237186393 |             3 | 2.61337718287941
        0.937689120423 |             3 | 2.61337718287941
         0.91690726296 |             3 | 2.61337718287941
        0.932318797659 |             3 | 2.61337718287941
        0.842200925314 |             3 | 2.61337718287941
        0.926394419201 |             3 | 2.61337718287941
        0.920925166695 |             3 | 2.61337718287941
         0.90063287128 |             3 | 2.61337718287941
        0.929663786128 |             3 | 2.61337718287941
        0.935245038425 |             3 | 2.61337718287941
        0.857977437551 |             3 | 2.61337718287941
        0.917091092881 |             3 | 2.61337718287941
        0.908076627367 |             3 | 2.61337718287941
        0.915433484923 |             3 | 2.61337718287941
        0.921385614764 |             3 | 2.61337718287941
        0.942030316722 |             3 | 2.61337718287941
        0.859655570724 |             3 | 2.61337718287941
        0.922717401567 |             3 | 2.61337718287941
        0.919834454369 |             3 | 2.61337718287941
        0.913457435751 |             3 | 2.61337718287941
        0.924380903594 |             3 | 2.61337718287941
        0.906155692673 |             3 | 2.61337718287941
        0.923862530851 |             3 | 2.61337718287941
        0.910900401647 |             3 | 2.61337718287941
         0.93306994809 |             3 | 2.61337718287941
         0.91690726296 |             3 | 2.61337718287941
        0.908937559466 |             3 | 2.61337718287941
        0.907028895793 |             3 | 2.61337718287941
         0.93489927393 |             3 | 2.62512860455707
        0.883119752541 |             3 | 2.62512860455707
         0.93665596939 |             3 | 2.62512860455707
        0.934667211107 |             3 | 2.62512860455707
        0.932576427108 |             3 | 2.62512860455707
        0.946980746197 |             3 | 2.62512860455707
        0.931610609504 |             3 | 2.62512860455707
        0.931281408266 |             3 | 2.62512860455707
        0.925788256089 |             3 | 2.62512860455707
        0.936562045504 |             3 | 2.62512860455707
        0.915250623627 |             3 | 2.62512860455707
        0.919893190921 |             3 | 2.66085682666148
        0.932217315395 |             3 | 2.66085682666148
         0.94043186895 |             3 | 2.66085682666148
         0.95158710112 |             3 | 2.66085682666148
        0.952305246423 |             3 | 2.66085682666148
        0.940626717977 |             3 | 2.66085682666148
        0.939495798319 |             3 | 2.66085682666148
         0.85294117647 |             3 | 2.66085682666148
        0.936813186813 |             3 | 2.66085682666148
        0.923128342246 |             3 | 2.66085682666148
         0.94554994555 |             3 | 2.66085682666148
        0.857142857143 |             3 | 2.66085682666148
        0.940162610451 |             3 |   2.674423154323
        0.945379916117 |             3 |   2.674423154323
        0.947826387161 |             3 |   2.674423154323
        0.955205569992 |             3 |   2.674423154323
        0.930378665795 |             3 |   2.674423154323
         0.92308663436 |             3 |   2.674423154323
        0.955148495314 |             3 |   2.674423154323
        0.942183873442 |             3 |   2.674423154323
        0.921023013287 |             3 |   2.674423154323
        0.956265758624 |             3 | 2.68617457600067
        0.960158989375 |             3 | 2.68617457600067
        0.964447317389 |             3 | 2.72190279810507
          0.9603999604 |             3 | 2.72190279810507
         0.97555253735 |             3 | 2.72190279810507
        0.971647590045 |             3 | 2.72190279810507
        0.950703502105 |             3 | 2.72190279810507
        0.950429610046 |             3 | 2.72190279810507
        0.973569969356 |             3 | 2.72190279810507
        0.968389224849 |             3 | 2.72190279810507
        0.956747404844 |             3 | 2.72190279810507
        0.967957276369 |             3 | 2.72190279810507
        0.955949948927 |             3 | 2.72190279810507
        0.963771920613 |             3 | 2.72190279810507
        0.926470588235 |             3 | 2.72190279810507
        0.958157227388 |             3 | 2.72190279810507
        0.964309319233 |             3 | 2.72190279810507
        0.978856058553 |             3 | 2.73365421978274
        0.980400163332 |             3 | 2.73365421978274
        0.981098393363 |             3 | 2.78294876954867
        0.981098393363 |             3 | 2.78294876954867
        0.984637050314 |             3 | 2.78294876954867
        0.982220027164 |             3 | 2.78294876954867
         0.97036671194 |             3 | 2.78294876954867
        0.980281400842 |             3 | 2.78294876954867
        0.989146819415 |             3 | 2.79470019122633
        0.840667107965 |             5 |  4.1521420666537
        0.843076690625 |             5 |  4.1521420666537
         0.86454389561 |             5 |  4.1521420666537
        0.943002921639 |             5 | 4.21318803809729
        0.920971506355 |             5 | 4.21318803809729
        0.839950490686 |             5 | 4.21318803809729
        0.909274968834 |             5 | 4.21318803809729
        0.871325491238 |             5 | 4.21318803809729
        0.849160651506 |             5 | 4.21318803809729
        0.916728754583 |             5 | 4.21318803809729
        0.882822235536 |             5 | 4.21318803809729
        0.916507721199 |             5 | 4.21318803809729
         0.94150576752 |             5 | 4.21318803809729
        0.921852720196 |             5 | 4.21318803809729
        0.911664263092 |             5 | 4.21318803809729
        0.894509292488 |             5 | 4.21318803809729
        0.911564078289 |             5 | 4.21318803809729
        0.927703532228 |             5 | 4.21318803809729
        0.922463367571 |             5 | 4.21318803809729
        0.877536009186 |             5 | 4.21318803809729
        0.907452686957 |             5 | 4.21318803809729
        0.853820841862 |             5 | 4.21318803809729
         0.91046785971 |             5 | 4.21318803809729
        0.938975526306 |             5 | 4.21318803809729
        0.862059680741 |             5 | 4.21318803809729
        0.930294541553 |             5 | 4.21318803809729
        0.925062825972 |             5 | 4.21318803809729
        0.882475352904 |             5 | 4.21318803809729
        0.925115754379 |             5 | 4.21318803809729
        0.846355406068 |             5 | 4.21318803809729
         0.92728174974 |             5 | 4.21318803809729
         0.88001582266 |             5 | 4.21318803809729
        0.936389686477 |             5 | 4.21318803809729
        0.923728123112 |             5 | 4.21318803809729
        0.878047230777 |             5 | 4.21318803809729
        0.939748024502 |             5 | 4.21318803809729
         0.88648474388 |             5 | 4.21318803809729
        0.932591223232 |             5 | 4.21318803809729
         0.92752232415 |             5 | 4.21318803809729
        0.934254056769 |             5 | 4.21318803809729
        0.879016432401 |             5 | 4.21318803809729
        0.917063935453 |             5 | 4.21318803809729
        0.866673673677 |             5 | 4.21318803809729
         0.89422666906 |             5 | 4.22493945977496
        0.934703284781 |             5 | 4.22493945977496
        0.893918613653 |             5 | 4.22493945977496
        0.878705387919 |             5 | 4.22493945977496
        0.931671299424 |             5 | 4.22493945977496
        0.858788314844 |             5 | 4.22493945977496
        0.913524373172 |             5 | 4.27423400954089
        0.895962679999 |             5 | 4.27423400954089
        0.900361668812 |             5 | 4.27423400954089
        0.961659415696 |             5 | 4.27423400954089
        0.942537452533 |             5 | 4.27423400954089
        0.882475006401 |             5 | 4.27423400954089
        0.922506470929 |             5 | 4.27423400954089
        0.960604005826 |             5 | 4.27423400954089
        0.934570099435 |             5 | 4.27423400954089
        0.943935018474 |             5 | 4.27423400954089
        0.886579815801 |             5 | 4.27423400954089
        0.932704611328 |             5 | 4.27423400954089
        0.909840772017 |             5 | 4.27423400954089
        0.935052687511 |             5 | 4.27423400954089
        0.928775785116 |             5 | 4.27423400954089
        0.885355255529 |             5 | 4.27423400954089
         0.94273050191 |             5 | 4.27423400954089
        0.941951668211 |             5 | 4.27423400954089
        0.940839687478 |             5 | 4.27423400954089
        0.943715939852 |             5 | 4.27423400954089
        0.939334220071 |             5 | 4.27423400954089
        0.903526907518 |             5 | 4.27423400954089
        0.939372217569 |             5 | 4.27423400954089
         0.92942131343 |             5 | 4.27423400954089
        0.888169202247 |             5 | 4.27423400954089
         0.88720319732 |             5 | 4.27423400954089
        0.900775842092 |             5 | 4.27423400954089
         0.93841116731 |             5 | 4.27423400954089
        0.922270798081 |             5 | 4.27423400954089
        0.931653595817 |             5 | 4.27423400954089
        0.934637006651 |             5 | 4.27423400954089
        0.954107240599 |             5 | 4.27423400954089
        0.934416607925 |             5 | 4.27423400954089
         0.93617800853 |             5 | 4.27423400954089
        0.937540774178 |             5 | 4.27423400954089
        0.939410309322 |             5 | 4.27423400954089
        0.936801604506 |             5 | 4.27423400954089
        0.936152602671 |             5 | 4.27423400954089
        0.908104108075 |             5 | 4.27423400954089
        0.912623127097 |             5 | 4.27423400954089
        0.935853832422 |             5 | 4.27423400954089
        0.937043812365 |             5 | 4.27423400954089
        0.948040512021 |             5 | 4.27423400954089
        0.929521364872 |             5 | 4.27423400954089
        0.940615496298 |             5 | 4.27423400954089
        0.950696389369 |             5 | 4.27423400954089
        0.913342818005 |             5 | 4.27423400954089
        0.925122006493 |             5 | 4.27423400954089
        0.942712734128 |             5 | 4.27423400954089
        0.927524354216 |             5 | 4.27423400954089
        0.929959807734 |             5 | 4.27423400954089
        0.954702108157 |             5 | 4.27423400954089
        0.943429990033 |             5 | 4.27423400954089
        0.948240105294 |             5 | 4.27423400954089
        0.946737758909 |             5 | 4.27423400954089
        0.928623811708 |             5 | 4.27423400954089
        0.946110958247 |             5 | 4.27423400954089
        0.957439785322 |             5 | 4.28598543121855
        0.960272624518 |             5 | 4.28598543121855
        0.946968926714 |             5 | 4.28598543121855
        0.948808256694 |             5 | 4.28598543121855
        0.944629680918 |             5 | 4.28598543121855
        0.942828393223 |             5 | 4.28598543121855
        0.953683007026 |             5 | 4.28598543121855
        0.954889445718 |             5 | 4.28598543121855
        0.960429383394 |             5 | 4.28598543121855
        0.936430488432 |             5 | 4.28598543121855
        0.943177192564 |             5 | 4.28598543121855
        0.951502699049 |             5 | 4.28598543121855
        0.921595713701 |             5 | 4.28598543121855
        0.936003297501 |             5 | 4.28598543121855
        0.951368361032 |             5 | 4.28598543121855
        0.905994128199 |             5 | 4.28598543121855
        0.939160224228 |             5 | 4.28598543121855
        0.921946087482 |             5 | 4.28598543121855
        0.926531069537 |             5 | 4.28598543121855
        0.934867538133 |             5 | 4.28598543121855
        0.958200696247 |             5 | 4.28598543121855
        0.909736117893 |             5 | 4.28598543121855
        0.952923843334 |             5 | 4.32171365332296
        0.952624697265 |             5 | 4.32171365332296
        0.953970686107 |             5 | 4.32171365332296
        0.951806794909 |             5 | 4.32171365332296
        0.956271993641 |             5 | 4.32171365332296
        0.964742324657 |             5 | 4.32171365332296
        0.954099130789 |             5 | 4.33527998098448
        0.957681951973 |             5 | 4.33527998098448
        0.964044324367 |             5 | 4.33527998098448
        0.957966730705 |             5 | 4.33527998098448
        0.941795641859 |             5 | 4.33527998098448
        0.946924615436 |             5 | 4.33527998098448
        0.953271690931 |             5 | 4.33527998098448
         0.96169887864 |             5 | 4.33527998098448
        0.961267267028 |             5 | 4.33527998098448
        0.946275999271 |             5 | 4.33527998098448
        0.960035799352 |             5 | 4.33527998098448
        0.949508738638 |             5 | 4.33527998098448
        0.957378458965 |             5 | 4.33527998098448
        0.963830508665 |             5 | 4.33527998098448
        0.947316775649 |             5 | 4.33527998098448
        0.932647466798 |             5 | 4.33527998098448
        0.959929535724 |             5 | 4.33527998098448
         0.95632504468 |             5 | 4.33527998098448
        0.951681915486 |             5 | 4.33527998098448
        0.964835774617 |             5 | 4.33527998098448
         0.95455929498 |             5 | 4.33527998098448
        0.956394543585 |             5 | 4.33527998098448
        0.952805463081 |             5 | 4.33527998098448
        0.958339805442 |             5 | 4.33527998098448
        0.955768137067 |             5 | 4.33527998098448
        0.960341323756 |             5 | 4.33527998098448
        0.958922348841 |             5 | 4.33527998098448
          0.9491925728 |             5 | 4.33527998098448
        0.964457554816 |             5 | 4.33527998098448
        0.936111286747 |             5 | 4.33527998098448
         0.95600849982 |             5 | 4.33527998098448
        0.952193807696 |             5 | 4.34703140266215
        0.955329844958 |             5 | 4.34703140266215
        0.962630806157 |             5 | 4.34703140266215
        0.970353913985 |             5 | 4.34703140266215
        0.965232246023 |             5 | 4.34703140266215
        0.961226486587 |             5 | 4.34703140266215
        0.921747392999 |             5 | 4.34703140266215
         0.92348271567 |             5 | 4.34703140266215
        0.970814171167 |             5 | 4.34703140266215
        0.957010149859 |             5 | 4.34703140266215
        0.972122169509 |             5 | 4.34703140266215
         0.96663429791 |             5 | 4.34703140266215
        0.972449141043 |             5 | 4.34703140266215
        0.954084913698 |             5 | 4.34703140266215
        0.965392344033 |             5 | 4.34703140266215
        0.966715378048 |             5 | 4.38275962476655
        0.969466950145 |             5 | 4.38275962476655
        0.946046148392 |             5 | 4.38275962476655
        0.951553181324 |             5 | 4.38275962476655
        0.935822975768 |             5 | 4.38275962476655
         0.97663691877 |             5 | 4.38275962476655
        0.968142198784 |             5 | 4.38275962476655
        0.966922853824 |             5 | 4.38275962476655
        0.971407480689 |             5 | 4.38275962476655
        0.964652118938 |             5 | 4.38275962476655
        0.973978402212 |             5 | 4.38275962476655
        0.964880130847 |             5 | 4.38275962476655
        0.934863849386 |             5 | 4.38275962476655
         0.97258685082 |             5 | 4.38275962476655
        0.977689306732 |             5 | 4.39451104644422
        0.970560461911 |             5 | 4.39451104644422
        0.968954738337 |             5 | 4.39632595242807
        0.975098708575 |             5 | 4.39632595242807
        0.966653404482 |             5 | 4.39632595242807
        0.940423835913 |             5 | 4.39632595242807
        0.975680445689 |             5 | 4.39632595242807
        0.958317027245 |             5 | 4.39632595242807
        0.961406441059 |             5 | 4.39632595242807
        0.971325624546 |             5 | 4.40807737410574
        0.973930660818 |             5 | 4.44380559621015
        0.981806231196 |             5 | 4.44380559621015
        0.978772382475 |             5 | 4.44380559621015
        0.955557439056 |             5 | 4.44380559621015
        0.973610500072 |             5 | 4.44380559621015
        0.967860891878 |             5 | 4.44380559621015
        0.952227466329 |             5 | 4.44380559621015
         0.96586755722 |             5 | 4.44380559621015
        0.962137174728 |             5 | 4.44380559621015
        0.972430023248 |             5 | 4.44380559621015
        0.974651282659 |             5 | 4.44380559621015
        0.972333032923 |             5 | 4.44380559621015
          0.9520510714 |             5 | 4.44380559621015
        0.972286677302 |             5 | 4.44380559621015
        0.957080028273 |             5 | 4.44380559621015
        0.980449876888 |             5 | 4.44380559621015
        0.977600983673 |             5 | 4.44380559621015
        0.969801438294 |             5 | 4.44380559621015
        0.976586511122 |             5 | 4.44380559621015
        0.981742313035 |             5 | 4.45555701788781
        0.978793924239 |             5 | 4.45555701788781
        0.974833831755 |             5 | 4.45555701788781
        0.980130519386 |             5 | 4.45555701788781
        0.978171347447 |             5 | 4.45737192387167
        0.968244079551 |             5 | 4.45737192387167
        0.976699193074 |             5 | 4.50485156765374
        0.989325986574 |             5 | 4.50485156765374
        0.991129635013 |             5 | 4.51660298933141
        0.989932432098 |             5 | 4.51660298933141
        0.988034763673 |             5 | 4.51660298933141
        0.984389260803 |             5 | 4.51660298933141
        0.897234549543 |             7 | 5.81299889331518
         0.91821003012 |             7 | 5.87404486475877
        0.953628012224 |             7 | 5.87404486475877
        0.915470637962 |             7 | 5.87404486475877
        0.941596036476 |             7 | 5.87404486475877
        0.927061269862 |             7 | 5.87404486475877
        0.939398294403 |             7 | 5.93509083620237
        0.957074398235 |             7 | 5.93509083620237
        0.961638573779 |             7 | 5.93509083620237
        0.950195033335 |             7 | 5.93509083620237
        0.968143984585 |             7 | 5.93509083620237
        0.948820984204 |             7 | 5.93509083620237
        0.963948404797 |             7 | 5.93509083620237
        0.941093866381 |             7 | 5.93509083620237
        0.965987720003 |             7 | 5.93509083620237
         0.93846104929 |             7 | 5.93509083620237
        0.958496817751 |             7 | 5.93509083620237
         0.93490461947 |             7 | 5.93509083620237
        0.942916666107 |             7 | 5.93509083620237
        0.937404347015 |             7 | 5.93509083620237
        0.921824421881 |             7 | 5.93509083620237
        0.958397693092 |             7 | 5.93509083620237
        0.957372455426 |             7 | 5.93509083620237
        0.958445425953 |             7 | 5.93509083620237
        0.949639172349 |             7 | 5.93509083620237
        0.946097971808 |             7 | 5.93509083620237
        0.962682023903 |             7 | 5.93509083620237
        0.967249542249 |             7 | 5.93509083620237
        0.965309133854 |             7 | 5.93509083620237
         0.95581433396 |             7 | 5.93509083620237
        0.961929562884 |             7 | 5.93509083620237
        0.969489147661 |             7 | 5.93509083620237
        0.957709115078 |             7 | 5.93509083620237
        0.928923389925 |             7 | 5.93509083620237
         0.91684399861 |             7 | 5.93509083620237
        0.927423716876 |             7 | 5.93509083620237
        0.963638220633 |             7 | 5.93509083620237
        0.959404175823 |             7 | 5.93509083620237
        0.969102095175 |             7 | 5.94684225788003
        0.967589930682 |             7 | 5.94684225788003
        0.945049512399 |             7 | 5.94684225788003
        0.939540775684 |             7 | 5.94684225788003
        0.962913998609 |             7 | 5.94684225788003
        0.966431346327 |             7 | 5.99613680764596
        0.961253001432 |             7 | 5.99613680764596
          0.9706905328 |             7 | 5.99613680764596
        0.970491417235 |             7 | 5.99613680764596
        0.964954892045 |             7 | 5.99613680764596
        0.969169151249 |             7 | 5.99613680764596
        0.949544067675 |             7 | 5.99613680764596
        0.978029021095 |             7 | 5.99613680764596
        0.954499307875 |             7 | 5.99613680764596
        0.947266576109 |             7 | 5.99613680764596
        0.934738518452 |             7 | 5.99613680764596
        0.969549794317 |             7 | 5.99613680764596
        0.970615794366 |             7 | 5.99613680764596
        0.967502604842 |             7 | 5.99613680764596
        0.969583007119 |             7 | 5.99613680764596
        0.964244090584 |             7 | 5.99613680764596
        0.976706461834 |             7 | 5.99613680764596
        0.946637731099 |             7 | 5.99613680764596
        0.965818017456 |             7 | 5.99613680764596
        0.969858493798 |             7 | 5.99613680764596
        0.963552166278 |             7 | 5.99613680764596
        0.970946293873 |             7 | 5.99613680764596
        0.963693933094 |             7 | 5.99613680764596
         0.95767762033 |             7 | 5.99613680764596
        0.967609622879 |             7 | 5.99613680764596
        0.980038991042 |             7 | 5.99613680764596
        0.966840320704 |             7 | 5.99613680764596
        0.971632020228 |             7 | 5.99613680764596
        0.933715546212 |             7 | 5.99613680764596
        0.940513770296 |             7 | 5.99613680764596
        0.970212266813 |             7 | 5.99613680764596
        0.964106740949 |             7 | 5.99613680764596
        0.954980884474 |             7 | 5.99613680764596
        0.948586142243 |             7 | 5.99613680764596
        0.966542398666 |             7 | 5.99613680764596
        0.972416332854 |             7 | 5.99613680764596
        0.960417964844 |             7 | 5.99613680764596
        0.966098501302 |             7 | 5.99613680764596
        0.948193952643 |             7 | 5.99613680764596
        0.941415364848 |             7 | 5.99613680764596
         0.94190868074 |             7 | 6.00788822932363
        0.949111911554 |             7 | 6.00788822932363
        0.970568185694 |             7 | 6.00788822932363
        0.945308437448 |             7 | 6.00788822932363
        0.966802683093 |             7 | 6.00788822932363
        0.976307610858 |             7 | 6.00788822932363
        0.945189984356 |             7 | 6.00788822932363
        0.977286814429 |             7 | 6.00788822932363
        0.965834113127 |             7 | 6.00788822932363
        0.977007791991 |             7 | 6.00788822932363
        0.969621506353 |             7 | 6.00788822932363
        0.965553314607 |             7 | 6.00788822932363
         0.97613145905 |             7 | 6.00788822932363
        0.970740973697 |             7 | 6.00788822932363
        0.960259579622 |             7 | 6.00788822932363
        0.962896264565 |             7 | 6.00788822932363
        0.966851736711 |             7 | 6.00788822932363
        0.974787130849 |             7 | 6.00788822932363
        0.976666019196 |             7 | 6.00788822932363
        0.955033043968 |             7 | 6.00788822932363
         0.95158838392 |             7 | 6.00788822932363
        0.975046162619 |             7 | 6.00788822932363
        0.957157017666 |             7 | 6.00788822932363
        0.980020143288 |             7 | 6.00788822932363
        0.961618464624 |             7 | 6.00788822932363
        0.952239186753 |             7 | 6.00788822932363
        0.968253271648 |             7 | 6.00788822932363
        0.971281691331 |             7 | 6.00788822932363
        0.945841894205 |             7 | 6.00788822932363
        0.972113413129 |             7 | 6.04361645142803
        0.958554496885 |             7 | 6.04361645142803
        0.973957189669 |             7 | 6.04361645142803
        0.981891440144 |             7 | 6.04361645142803
        0.961253883396 |             7 | 6.04361645142803
        0.985428193747 |             7 |  6.0553678731057
        0.979873704443 |             7 | 6.05718277908955
        0.976786442474 |             7 | 6.05718277908955
        0.950730342927 |             7 | 6.05718277908955
        0.952590606715 |             7 | 6.05718277908955
        0.972961431943 |             7 | 6.05718277908955
        0.956344141924 |             7 | 6.05718277908955
         0.98053444807 |             7 | 6.05718277908955
        0.977004845196 |             7 | 6.05718277908955
        0.960652794309 |             7 | 6.05718277908955
        0.978541496373 |             7 | 6.05718277908955
        0.975448173288 |             7 | 6.05718277908955
        0.960625890894 |             7 | 6.05718277908955
        0.980382199248 |             7 | 6.05718277908955
        0.974253296574 |             7 | 6.05718277908955
        0.955139480673 |             7 | 6.05718277908955
        0.956440909636 |             7 | 6.05718277908955
        0.965159784841 |             7 | 6.05718277908955
        0.977493879818 |             7 | 6.05718277908955
        0.974723860825 |             7 | 6.05718277908955
        0.970386484827 |             7 | 6.05718277908955
        0.958045864536 |             7 | 6.05718277908955
        0.963788079913 |             7 | 6.05718277908955
        0.976871651252 |             7 | 6.06893420076722
        0.977036802068 |             7 | 6.06893420076722
        0.962705528531 |             7 | 6.06893420076722
        0.982613690867 |             7 | 6.06893420076722
        0.973643113922 |             7 | 6.06893420076722
         0.98067214989 |             7 | 6.06893420076722
        0.966204201822 |             7 | 6.06893420076722
        0.986154649747 |             7 | 6.06893420076722
        0.980859540098 |             7 | 6.06893420076722
         0.98296513961 |             7 | 6.06893420076722
        0.975723369791 |             7 | 6.06893420076722
        0.967964719928 |             7 | 6.06893420076722
        0.973093314818 |             7 | 6.06893420076722
        0.975539428961 |             7 | 6.06893420076722
        0.980734874298 |             7 | 6.06893420076722
        0.979394648804 |             7 | 6.06893420076722
        0.973407128535 |             7 | 6.06893420076722
         0.96184082605 |             7 | 6.06893420076722
        0.983154060417 |             7 | 6.10466242287163
        0.972585551727 |             7 | 6.10466242287163
        0.978529055084 |             7 | 6.10466242287163
        0.980326812127 |             7 | 6.10466242287163
        0.958207491742 |             7 | 6.10466242287163
        0.967787451644 |             7 | 6.10466242287163
        0.980837974071 |             7 | 6.10466242287163
         0.98285827565 |             7 | 6.10466242287163
          0.9786387045 |             7 | 6.10466242287163
        0.980246061902 |             7 | 6.10466242287163
          0.9737390892 |             7 | 6.10466242287163
        0.963179258414 |             7 | 6.10466242287163
        0.986573044292 |             7 | 6.10466242287163
        0.983929215191 |             7 | 6.10466242287163
        0.986525845671 |             7 | 6.10466242287163
        0.977669636104 |             7 | 6.10466242287163
        0.963192955538 |             7 | 6.10466242287163
        0.981905963726 |             7 | 6.10466242287163
         0.98047772978 |             7 | 6.10466242287163
        0.987705983938 |             7 | 6.11641384454929
        0.965498413258 |             7 | 6.11641384454929
        0.987210689182 |             7 | 6.11641384454929
        0.982802979852 |             7 | 6.11641384454929
        0.986313031238 |             7 | 6.11641384454929
        0.973576275417 |             7 | 6.11641384454929
        0.984380537848 |             7 | 6.11641384454929
        0.983720024887 |             7 | 6.11641384454929
        0.982758433315 |             7 | 6.11641384454929
        0.980605876244 |             7 | 6.11641384454929
        0.985449217808 |             7 | 6.11822875053315
        0.980224830006 |             7 | 6.11822875053315
        0.982138746296 |             7 | 6.11822875053315
        0.982246172207 |             7 | 6.11822875053315
        0.982757821146 |             7 | 6.11822875053315
        0.968227723972 |             7 | 6.11822875053315
        0.963544721341 |             7 | 6.11822875053315
        0.985643167693 |             7 | 6.12998017221081
        0.983204315689 |             7 | 6.12998017221081
        0.986085399248 |             7 | 6.12998017221081
        0.986775411481 |             7 | 6.12998017221081
        0.979105263005 |             7 | 6.12998017221081
        0.980705064143 |             7 | 6.12998017221081
        0.984067882673 |             7 | 6.12998017221081
        0.984984494216 |             7 | 6.12998017221081
        0.977600499541 |             7 | 6.16570839431522
         0.98743062105 |             7 | 6.16570839431522
        0.985737769386 |             7 | 6.16570839431522
        0.987789910038 |             7 | 6.16570839431522
        0.983123142772 |             7 | 6.16570839431522
        0.982380553283 |             7 | 6.16570839431522
         0.98824956889 |             7 | 6.16570839431522
        0.973953819351 |             7 | 6.16570839431522
        0.983283113357 |             7 | 6.16570839431522
        0.989820861289 |             7 | 6.16570839431522
        0.986570946411 |             7 | 6.16570839431522
        0.986308667228 |             7 | 6.16570839431522
        0.984522385494 |             7 | 6.16570839431522
        0.990512589461 |             7 | 6.17745981599289
          0.9880610296 |             7 | 6.17745981599289
        0.986371053625 |             7 | 6.17745981599289
        0.988496094127 |             7 | 6.17745981599289
        0.972207245896 |             7 | 6.17745981599289
        0.982998119035 |             7 | 6.17745981599289
        0.977267463454 |             7 | 6.17745981599289
        0.987350750638 |             7 | 6.17745981599289
        0.978657526975 |             7 | 6.17745981599289
        0.989408301014 |             7 | 6.17745981599289
        0.985265216791 |             7 | 6.17745981599289
        0.978399182977 |             7 | 6.17745981599289
        0.983790276993 |             7 | 6.17927472197674
        0.990423203054 |             7 |  6.1910261436544
         0.98699516044 |             7 |  6.1910261436544
        0.982443665832 |             7 | 6.22675436575881
        0.988850088514 |             7 | 6.22675436575881
         0.99288465688 |             7 | 6.22675436575881
        0.990959037347 |             7 | 6.22675436575881
        0.990013051735 |             7 | 6.22675436575881
        0.992436590053 |             7 | 6.22675436575881
        0.980532353344 |             7 | 6.22675436575881
        0.991772579507 |             7 | 6.22675436575881
        0.983674295606 |             7 | 6.23850578743648
        0.993672587768 |             7 | 6.23850578743648
        0.992902013075 |             7 | 6.23850578743648
        0.992545284934 |             7 | 6.23850578743648
        0.991537051555 |             7 | 6.23850578743648
        0.964325573024 |             9 | 7.59594766286385
        0.959809621874 |             9 | 7.59594766286385
        0.976875602369 |             9 | 7.59594766286385
        0.968643149101 |             9 | 7.59594766286385
        0.964651939792 |             9 | 7.59594766286385
        0.968393248504 |             9 | 7.59594766286385
         0.95681215225 |             9 | 7.59594766286385
        0.967063643477 |             9 | 7.59594766286385
        0.945258025002 |             9 | 7.59594766286385
        0.968849842904 |             9 | 7.59594766286385
        0.967815598675 |             9 | 7.60769908454151
        0.960853822692 |             9 | 7.60769908454151
        0.979716177805 |             9 | 7.60769908454151
        0.961686015325 |             9 | 7.60769908454151
        0.962023442441 |             9 | 7.65699363430744
        0.971364083433 |             9 | 7.65699363430744
        0.974697917579 |             9 | 7.65699363430744
        0.979296487935 |             9 | 7.65699363430744
        0.972642244387 |             9 | 7.65699363430744
        0.965473230205 |             9 | 7.65699363430744
        0.961187224248 |             9 | 7.65699363430744
        0.977045576309 |             9 | 7.65699363430744
        0.971360202762 |             9 | 7.65699363430744
        0.983421494992 |             9 | 7.65699363430744
        0.979197666662 |             9 | 7.65699363430744
        0.976160884982 |             9 | 7.65699363430744
        0.964049151775 |             9 | 7.65699363430744
        0.959782199686 |             9 | 7.65699363430744
          0.9800127362 |             9 | 7.65699363430744
        0.975466243603 |             9 | 7.65699363430744
        0.981091245346 |             9 | 7.65699363430744
         0.97921422434 |             9 | 7.65699363430744
        0.975768540537 |             9 | 7.65699363430744
        0.964047252517 |             9 | 7.65699363430744
        0.978074001054 |             9 | 7.65699363430744
        0.981358642372 |             9 | 7.65699363430744
        0.965000626077 |             9 | 7.65699363430744
        0.959127592121 |             9 | 7.65699363430744
        0.980552417938 |             9 | 7.65699363430744
        0.965614799372 |             9 | 7.65699363430744
        0.964351410106 |             9 |  7.6687450559851
         0.98258996237 |             9 |  7.6687450559851
         0.97840922261 |             9 |  7.6687450559851
        0.978491795169 |             9 |  7.6687450559851
        0.974767383055 |             9 |  7.6687450559851
        0.979220883397 |             9 |  7.6687450559851
        0.962151364029 |             9 | 7.66874505598511
        0.980345245599 |             9 | 7.66874505598511
         0.98276032618 |             9 | 7.66874505598511
        0.970155570544 |             9 | 7.66874505598511
        0.980466882747 |             9 | 7.66874505598511
        0.973256966557 |             9 | 7.66874505598511
        0.978276633704 |             9 | 7.70447327808951
        0.982686575124 |             9 | 7.70447327808951
         0.98581479622 |             9 | 7.70447327808951
        0.969126643739 |             9 | 7.71803960575103
         0.98441561305 |             9 | 7.71803960575103
        0.980481763767 |             9 | 7.71803960575103
        0.969217889636 |             9 | 7.71803960575103
        0.969916467541 |             9 | 7.71803960575103
        0.978531079613 |             9 | 7.71803960575103
        0.980179460867 |             9 | 7.71803960575103
        0.976864603798 |             9 | 7.71803960575103
         0.98392624185 |             9 | 7.71803960575103
        0.972685761993 |             9 | 7.71803960575103
        0.978941043883 |             9 | 7.71803960575103
        0.987139611556 |             9 | 7.71803960575103
        0.976735969116 |             9 | 7.71803960575103
        0.985817319299 |             9 | 7.71803960575103
         0.98357318351 |             9 | 7.71803960575103
        0.977509758548 |             9 | 7.71803960575103
         0.97666682791 |             9 | 7.71803960575103
        0.967209840204 |             9 | 7.71803960575103
        0.980328871712 |             9 | 7.71803960575103
        0.970925444217 |             9 | 7.71803960575103
        0.987456153723 |             9 | 7.71803960575103
        0.981249670548 |             9 | 7.71803960575103
        0.970178481533 |             9 | 7.71803960575103
        0.986406241073 |             9 |  7.7297910274287
        0.986038909589 |             9 |  7.7297910274287
        0.985102649893 |             9 |  7.7297910274287
         0.97208272202 |             9 |  7.7297910274287
        0.971927738153 |             9 |  7.7297910274287
        0.987753640975 |             9 |  7.7297910274287
        0.983158058917 |             9 |  7.7297910274287
         0.97628681285 |             9 |  7.7297910274287
        0.984180034426 |             9 |  7.7297910274287
        0.988105983333 |             9 |  7.7297910274287
        0.973545026895 |             9 |  7.7297910274287
        0.984032706193 |             9 |  7.7297910274287
        0.969683437724 |             9 |  7.7297910274287
        0.967730286384 |             9 |  7.7297910274287
        0.981739492569 |             9 |  7.7297910274287
        0.981693860152 |             9 |  7.7297910274287
        0.974758774682 |             9 |  7.7297910274287
        0.987514084529 |             9 |  7.7297910274287
        0.983940997399 |             9 |  7.7297910274287
        0.986110427958 |             9 |  7.7297910274287
        0.983015126327 |             9 |  7.7297910274287
          0.9824934798 |             9 |  7.7297910274287
        0.980257550735 |             9 |  7.7297910274287
        0.970586902694 |             9 |  7.7297910274287
        0.980743646228 |             9 |  7.7297910274287
        0.978741326998 |             9 |  7.7655192495331
        0.980575519318 |             9 | 7.76551924953311
        0.990260578969 |             9 | 7.76551924953311
         0.97461480002 |             9 | 7.76551924953311
        0.987785151272 |             9 | 7.76551924953311
        0.985954852179 |             9 | 7.76551924953311
        0.980113901518 |             9 | 7.76551924953311
        0.989382293785 |             9 | 7.76551924953311
        0.976590484557 |             9 | 7.76551924953311
        0.981366361184 |             9 | 7.76551924953311
        0.986844315447 |             9 | 7.76551924953311
        0.982084786729 |             9 | 7.76551924953311
        0.984335649769 |             9 | 7.76551924953311
         0.98358714866 |             9 | 7.76551924953311
        0.986171675774 |             9 | 7.76551924953311
        0.984526744196 |             9 | 7.77727067121077
        0.982421667504 |             9 | 7.77727067121077
        0.981560629637 |             9 | 7.77727067121077
         0.98701414862 |             9 | 7.77727067121077
        0.988869674245 |             9 | 7.77727067121077
        0.982945294145 |             9 | 7.77908557719462
        0.987743445012 |             9 | 7.77908557719462
        0.971015574326 |             9 | 7.77908557719462
        0.987990054064 |             9 | 7.77908557719462
        0.982201766986 |             9 | 7.77908557719462
        0.985913026869 |             9 | 7.77908557719462
        0.980881906912 |             9 | 7.77908557719462
        0.985994743891 |             9 | 7.77908557719462
        0.984358143848 |             9 | 7.77908557719462
        0.987285802278 |             9 | 7.77908557719462
        0.977602611626 |             9 | 7.77908557719462
        0.983266355599 |             9 | 7.77908557719462
        0.976044297296 |             9 | 7.77908557719462
        0.972274701118 |             9 | 7.77908557719462
        0.989549956099 |             9 | 7.77908557719462
        0.982098011616 |             9 | 7.77908557719462
        0.987869240018 |             9 | 7.77908557719462
        0.984382577522 |             9 | 7.77908557719462
        0.984706643669 |             9 | 7.77908557719462
        0.985223310291 |             9 | 7.77908557719462
        0.984935310552 |             9 | 7.77908557719462
        0.983071389371 |             9 | 7.79083699887229
        0.990891000342 |             9 | 7.79083699887229
        0.984533137363 |             9 | 7.79083699887229
        0.982964417515 |             9 | 7.79083699887229
        0.988936967893 |             9 | 7.79083699887229
        0.985430491569 |             9 | 7.79083699887229
        0.984424035385 |             9 | 7.79083699887229
        0.983411301653 |             9 | 7.79083699887229
        0.986120555723 |             9 | 7.79083699887229
        0.984965723752 |             9 | 7.79083699887229
         0.98836597775 |             9 | 7.79083699887229
        0.987926599857 |             9 | 7.79083699887229
        0.986717358728 |             9 | 7.79083699887229
        0.989824764867 |             9 | 7.79083699887229
        0.989086892953 |             9 | 7.79083699887229
        0.989189360774 |             9 |  7.8265652209767
        0.990878004924 |             9 |  7.8265652209767
        0.991699478762 |             9 |  7.8265652209767
         0.98038728733 |             9 |  7.8265652209767
        0.981068311988 |             9 |  7.8265652209767
        0.988121618773 |             9 |  7.8265652209767
        0.989234439997 |             9 |  7.8265652209767
        0.977142242942 |             9 |  7.8265652209767
        0.986281470528 |             9 |  7.8265652209767
        0.988909328837 |             9 |  7.8265652209767
        0.979711583674 |             9 |  7.8265652209767
        0.990850796669 |             9 |  7.8265652209767
        0.986293239298 |             9 |  7.8265652209767
        0.988104749809 |             9 |  7.8265652209767
         0.98669765176 |             9 |  7.8265652209767
        0.991308002779 |             9 |  7.8265652209767
        0.989053325776 |             9 |  7.8265652209767
        0.980523361523 |             9 |  7.8265652209767
        0.982245700047 |             9 |  7.8265652209767
        0.985276287449 |             9 | 7.83831664265437
         0.99024606409 |             9 | 7.83831664265437
        0.983270900281 |             9 | 7.83831664265437
        0.987510128155 |             9 | 7.83831664265437
        0.983349517111 |             9 | 7.83831664265437
        0.991219233155 |             9 | 7.83831664265437
        0.990240236807 |             9 | 7.83831664265437
        0.992304511906 |             9 | 7.83831664265437
        0.982235224734 |             9 | 7.83831664265437
        0.990316955355 |             9 | 7.83831664265437
        0.979693020273 |             9 | 7.83831664265437
        0.985246161358 |             9 | 7.83831664265437
        0.987708997277 |             9 | 7.84013154863822
        0.987902823097 |             9 | 7.84013154863822
        0.991534922342 |             9 | 7.84013154863822
        0.988942355004 |             9 | 7.84013154863822
        0.988410849417 |             9 | 7.84013154863822
        0.984854021903 |             9 | 7.84013154863822
        0.987142672052 |             9 | 7.85188297031588
        0.990005353205 |             9 | 7.85188297031588
        0.983573110186 |             9 | 7.85188297031589
        0.992352693041 |             9 | 7.85188297031589
        0.993041080725 |             9 | 7.88761119242029
        0.994117430434 |             9 | 7.88761119242029
        0.991305425382 |             9 | 7.88761119242029
         0.98698505471 |             9 | 7.88761119242029
        0.987656386186 |             9 | 7.88761119242029
        0.993293035926 |             9 | 7.88761119242029
        0.990553091423 |             9 | 7.88761119242029
        0.994071607055 |             9 | 7.88761119242029
        0.989922324387 |             9 | 7.88761119242029
        0.991758070204 |             9 | 7.88761119242029
        0.991073513193 |             9 | 7.88761119242029
        0.990085629698 |             9 | 7.88761119242029
        0.992717680853 |             9 | 7.88761119242029
          0.9879530768 |             9 | 7.88761119242029
        0.987395311211 |             9 | 7.88761119242029
         0.99360398564 |             9 | 7.88761119242029
        0.992065680551 |             9 | 7.88761119242029
        0.989393980162 |             9 | 7.88761119242029
        0.981900780771 |             9 | 7.88761119242029
        0.981971020373 |             9 | 7.88761119242029
        0.990795247426 |             9 | 7.88761119242029
        0.989676540122 |             9 | 7.89936261409796
        0.988190769866 |             9 | 7.89936261409796
         0.99342975381 |             9 | 7.89936261409796
        0.994282564972 |             9 | 7.89936261409796
         0.98512925209 |             9 | 7.89936261409796
        0.991844500162 |             9 | 7.89936261409796
        0.993919738761 |             9 | 7.89936261409796
        0.989388008355 |             9 | 7.89936261409796
         0.99198196927 |             9 | 7.89936261409796
        0.988527309466 |             9 | 7.89936261409796
         0.99474533312 |             9 | 7.89936261409796
        0.985515736513 |             9 | 7.89936261409796
        0.988863857643 |             9 | 7.89936261409796
        0.993596052738 |             9 | 7.89936261409796
        0.991302748748 |             9 | 7.89936261409796
        0.993136211651 |             9 | 7.91292894175948
        0.994636468935 |             9 | 7.91292894175948
        0.992376661852 |             9 | 7.91292894175948
        0.993080310501 |             9 | 7.94865716386388
        0.993408145494 |             9 | 7.94865716386388
        0.989084444285 |             9 | 7.94865716386388
        0.993553643743 |             9 | 7.94865716386388
        0.990535877606 |             9 | 7.94865716386388
        0.993603609755 |             9 | 7.94865716386388
        0.988974220422 |             9 | 7.94865716386388
        0.994193258838 |             9 | 7.94865716386388
        0.993205197092 |             9 | 7.94865716386388
         0.99096977987 |             9 | 7.94865716386388
        0.994752408953 |             9 | 7.96040858554155
        0.995958364615 |             9 | 7.96040858554155
        0.994007837371 |             9 | 7.96040858554155
        0.994677387285 |             9 | 7.96040858554155
          0.9955948102 |             9 | 7.96040858554155
         0.99393166978 |             9 | 7.96040858554155
        0.995384590533 |             9 | 7.96040858554155
        0.995262742131 |             9 | 8.00970313530748
        0.997284753555 |             9 | 8.02145455698514
        0.997518370531 |             9 | 8.02145455698515
(975 rows)

